-14.766202 -43.47826 -78.342903 -41.837574 -40.196884
-15.996718 57.424118 47.169811 27.071371 10.254307
-108.285484 -66.858078 -43.888435 -35.68499 42.247746
77.112389 56.603775 9.433963 -56.603775 -96.390488
-114.848236 -2.461034 17.637407 68.0886 40.196884
-46.349468 -47.579983 -87.366692 -81.624283 -100.902382
-39.376537 36.915504 94.339622 79.163246 50.861362
-29.122232 -73.010666 -174.733383 -103.77359 -82.854797
-4.101723 66.037735 100.49221 84.08532 -1.640689
-85.315834 -107.875313 -86.136177 -51.271534 -17.227236
46.349468 12.715341 -0.820345 -45.529121 -2.050861
-24.610336 -79.163246 -70.959801 0.410172 61.936012
29.942575 -22.559475 -49.630844 -36.915504 -47.579983
-110.746513 -105.824448 -64.80722 30.352749 31.993437
66.037735 133.305984 57.83429 -23.37982 -80.80394
-119.770302 -123.872025 -84.08532 -29.532404 13.535686
19.278097 39.376537 86.136177 16.817064 -48.40033
-55.783428 -102.953239 -91.058243 -88.597214 -29.942575
67.268257 147.662018 170.631668 95.159966 -36.915504
-155.455292 -115.258408 -121.410995 -52.502052 -45.529121
9.844134 30.352749 62.756359 27.891714 4.101723
-92.698936 -98.441345 -65.627563 -41.017227 -34.0443
-23.789991 52.091881 75.061523 82.444626 64.397049
-13.945857 -60.295326 -98.851517 -127.973747 -137.817886
-76.702217 -50.041019 41.017227 76.702217 60.705498
88.187042 147.251846 91.468414 -54.963085 -160.377365
-186.628387 -119.36013 -77.112389 -33.634129 -13.125513
26.661198 72.190323 63.986874 13.945857 -87.366692
-101.722725 -31.173094 -53.732567 6.562757 29.532404
39.376537 47.169811 35.274815 27.071371 -41.837574
-182.526657 -88.597214 -91.468414 -50.861362 -3.281378
13.535686 13.535686 4.922067 37.735851 81.624283
-20.098442 -161.197708 -141.919601 -86.546349 -81.214111
5.33224 67.268257 112.387207 71.36998 0.820345
-114.848236 -156.685806 -123.872025 -96.390488 -84.905663
-13.125513 112.387207 127.563576 108.285484 22.559475
-24.610336 -40.607056 -131.255127 -109.105827 -104.183762
-9.433963 41.017227 48.40033 41.427399 46.75964
79.983597 63.986874 -64.397049 -126.333061 -112.387207
-77.932732 -18.867926 4.511895 68.908943 151.763748
157.095978 139.868744 50.451191 -137.407715 -143.150131
-162.018051 -134.946686 -109.105827 -20.098442 31.173094
58.244465 70.139458 10.254307 -58.244465 -125.102547
-119.36013 -123.872025 13.535686 45.939297 96.800659
89.827728 13.945857 -29.122232 -124.282204 -202.625107
-180.4758 -119.770302 -66.447906 -34.0443 40.196884
14.35603 19.278097 -32.813782 -100.082039 -169.811325
-160.787537 -136.1772 -79.573425 -5.33224 18.457752
75.881874 34.864643 57.424118 34.864643 -58.244465
-82.444626 -66.447906 -98.441345 -63.166531 -68.498772
-19.688269 25.430681 9.433963 29.122232 66.037735
1.640689 -15.176374 -61.525841 -84.08532 -168.990982
-126.743233 -72.600494 -20.508614 71.36998 144.790817
140.689087 86.136177 -70.959801 -73.831009 -83.264969
-105.004105 -172.272354 -119.770302 -83.264969 -81.214111
49.630844 49.220673 60.705498 70.549629 39.376537
76.292046 27.481543 15.176374 -132.895813 -127.153404
-23.789991 -45.11895 -39.786713 18.457752 48.810501
46.349468 70.959801 81.214111 43.888435 29.942575
24.200165 -107.465134 -160.787537 -80.80394 -141.099258
-116.48893 -31.993437 19.688269 58.244465 61.525841
40.607056 -10.664479 -158.326492 -178.424942 -213.289581
-206.31665 -124.692375 13.535686 -13.125513 -1.230517
57.83429 -15.586547 -29.532404 -66.858078 -89.827728
-47.990158 -93.519279 -135.767029 -107.875313 -164.889252
-100.082039 -4.511895 31.173094 54.552914 75.881874
29.532404 23.789991 -43.47826 -67.268257 -167.350296
-108.285484 -205.086136 -147.662018 -93.519279 -66.037735
-6.152584 46.349468 79.983597 43.068089 31.993437
32.40361 -18.457752 -76.292046 -147.251846 -146.841675
-143.150131 -125.92289 -72.600494 -12.305168 132.485641
172.682526 199.753906 148.482361 35.68499 -33.634129
-146.841675 -130.844955 -182.936829 -177.604599 -98.441345
-50.451191 44.298607 165.299423 170.221497 135.767029
67.268257 -30.76292 -58.244465 -126.743233 -100.082039
-107.875313 -11.484824 14.766202 60.295326 125.512718
118.129616 58.654636 -28.712059 -7.793273 -72.600494
-94.339622 -72.600494 -27.481543 59.885151 121.000824
126.333061 176.784256 73.010666 -65.627563 -131.665298
-126.333061 -148.072189 -102.543068 -88.187042 -13.125513
54.552914 95.570145 131.665298 91.878593 55.373257
-53.732567 -6.152584 -10.254307 -167.350296 -243.642334
-155.455292 -138.228058 -76.702217 35.68499 106.644791
134.126328 118.949959 49.630844 53.732567 -36.095161
-139.458572 -150.123047 -142.329788 -97.621002 -71.780151
-45.939297 18.457752 43.47826 31.173094 -0.410172
23.789991 55.783428 22.559475 -2.461034 59.885151
-91.468414 -89.417557 -45.939297 -114.027893 -47.579983
-55.373257 -61.936012 -39.376537 32.40361 116.899101
110.746513 122.64151 82.444626 61.115669 37.325676
-91.058243 -138.638229 -97.621002 -121.410995 -121.821167
-59.064808 13.945857 37.735851 131.665298 111.566856
61.525841 42.657917 9.844134 -16.406891 -66.037735
-116.48893 -120.180481 -78.342903 -74.24118 -92.698936
-29.942575 13.945857 84.08532 51.681705 43.47826
98.441345 8.203445 -9.844134 -6.562757 -136.997543
-172.272354 -157.916321 -107.054962 -65.217392 -126.743233
-79.163246 71.36998 112.387207 117.719444 132.485641
56.603775 -15.586547 7.793273 -96.390488 -176.784256
-59.885151 -122.231339 -106.234619 -113.20755 -86.546349
-47.169811 8.203445 89.007385 128.383926 93.519279
126.743233 44.708778 -6.562757 -47.990158 -177.194427
-178.014771 -207.136993 -176.374084 -95.159966 -4.922067
38.146023 103.363411 126.333061 159.146851 147.662018
83.264969 -83.264969 -137.817886 -162.838394 -149.302704
-130.024612 -113.617722 -136.1772 9.433963 48.40033
125.512718 188.679245 159.146851 98.851517 29.942575
-42.657917 -119.36013 -198.113205 -219.031998 -141.099258
-118.949959 -46.75964 3.281378 77.112389 55.373257
81.214111 27.481543 29.122232 111.156685 118.539787
-36.095161 -114.848236 -132.07547 -89.827728 -82.854797
-59.474979 -16.406891 0 -4.101723 22.969648
31.583265 -14.766202 39.786713 63.576702 37.735851
62.756359 -18.457752 -12.715341 -57.424118 -66.447906
-60.295326 -65.627563 -13.945857 -59.885151 -108.285484
-123.461853 -1.230517 43.47826 102.543068 126.743233
111.977036 94.749794 29.532404 -36.095161 -193.191147
-164.068909 -214.520096 -194.01149 -174.323212 -129.204269
-15.586547 84.905663 198.113205 192.780975 187.038559
86.136177 60.705498 -15.176374 -210.418381 -133.305984
-202.214935 -196.472519 -166.940125 -86.546349 34.864643
58.654636 98.031174 140.689087 114.848236 50.861362
-20.098442 -48.40033 -93.109108 -101.722725 -146.431503
-122.231339 -11.074652 15.996718 52.502052 -8.613618
4.101723 36.915504 65.217392 55.373257 41.837574
-52.502052 15.996718 -75.471703 -122.64151 -51.681705
-79.573425 -46.349468 -95.570145 34.864643 6.972929
5.742412 -6.972929 -22.559475 -23.789991 -48.40033
-78.342903 -25.430681 20.098442 16.406891 -26.251026
-50.451191 6.152584 23.789991 7.383101 -31.993437
-98.851517 -72.190323 -37.325676 2.461034 26.661198
96.390488 50.861362 79.573425 85.315834 25.840853
-8.203445 -94.749794 -39.376537 -173.092697 -187.858902
-79.163246 -73.831009 -13.945857 39.376537 67.268257
77.932732 75.471703 85.726006 77.112389 46.75964
-173.91304 -172.682526 -227.235443 -201.804764 -142.73996
-167.350296 -22.149303 74.24118 120.180481 123.461853
79.983597 27.071371 -93.519279 -18.457752 -74.651352
-24.200165 -41.837574 -65.627563 -123.872025 -136.1772
-19.278097 -83.675148 -18.457752 -3.281378 45.11895
56.603775 -2.461034 -21.328959 22.559475 -30.352749
-39.786713 -83.675148 -121.821167 -106.644791 -93.519279
52.912224 10.254307 39.376537 66.037735 68.0886
-2.461034 -10.664479 1.230517 -10.664479 -27.071371
-35.274815 -18.867926 -89.007385 -105.824448 -47.579983
-60.295326 -27.891714 -78.753075 21.328959 23.37982
80.393768 115.258408 105.004105 84.905663 32.813782
-119.770302 -230.926987 -155.865463 -239.95079 -48.40033
-73.420837 -62.346188 27.481543 59.885151 98.851517
147.251846 118.539787 89.827728 46.75964 -80.393768
-105.004105 -144.790817 -106.644791 -178.424942 -44.298607
-17.637407 -1.640689 72.190323 103.77359 140.278915
111.977036 18.867926 -55.373257 -73.420837 -133.716156
-203.855621 -127.153404 -125.102547 -174.323212 -89.007385
-46.75964 80.393768 128.794098 46.349468 96.800659
123.872025 50.861362 45.939297 -25.840853 -132.485641
-168.170639 -162.428223 -236.259232 -97.621002 20.098442
5.742412 85.315834 168.990982 97.621002 143.560303
135.356857 34.864643 -52.912224 -110.746513 -141.50943
-146.431503 -170.631668 -185.397873 -77.52256 43.888435
-8.203445 109.105827 143.560303 84.08532 54.552914
20.098442 -95.980316 -138.228058 -148.072189 -98.031174
-32.813782 4.511895 52.502052 24.200165 4.922067
75.471703 24.610336 41.017227 41.017227 -41.017227
21.328959 -10.664479 -18.867926 -86.136177 -95.980316
-129.204269 -102.132896 -52.502052 13.535686 5.742412
91.878593 101.722725 59.474979 -4.922067 -71.780151
-75.471703 -34.864643 -15.996718 6.152584 53.732567
121.821167 50.451191 -2.050861 -56.193604 -132.895813
-113.617722 -149.302704 -86.546349 -57.424118 17.637407
72.190323 78.753075 57.424118 -4.101723 18.457752
-39.376537 -44.298607 -120.180481 -150.123047 -176.784256
-100.082039 -116.078758 -110.336342 63.986874 107.875313
113.617722 105.414276 114.848236 70.139458 25.840853
-59.474979 -278.096802 -246.103363 -252.666122 -168.580811
-127.973747 -40.196884 43.47826 99.261688 157.506149
159.557022 132.485641 55.373257 43.47826 -29.942575
-131.255127 -265.791626 -147.251846 -253.076294 -125.512718
-105.824448 -36.915504 -17.637407 91.058243 158.326492
169.811325 162.018051 123.872025 103.77359 70.959801
-1.640689 -172.682526 -230.926987 -260.459412 -242.411819
-166.940125 -94.749794 -11.074652 68.0886 135.767029
157.095978 117.309273 69.729286 82.034454 59.474979
-12.305168 -70.549629 -70.959801 -67.678429 -59.064808
-128.794098 -127.973747 -111.977036 4.922067 78.753075
150.533234 99.671867 101.722725 81.624283 57.013947
11.484824 -72.190323 -51.271534 -129.204269 -217.391312
-191.140289 -162.838394 -61.936012 28.712059 105.004105
104.593933 111.156685 78.753075 -37.325676 -98.031174
-17.227236 -105.414276 -174.323212 -191.960632 -93.109108
-53.732567 -58.654636 60.295326 68.0886 66.037735
84.905663 91.878593 98.031174 77.932732 32.813782
-110.746513 -78.753075 -69.319115 -96.800659 -59.064808
-134.946686 -188.269073 -73.010666 -12.715341 -1.640689
111.156685 118.949959 99.261688 69.729286 78.753075
47.990158 -36.915504 -84.08532 -228.876129 -164.068909
-169.401154 -103.77359 -47.579983 61.936012 75.061523
101.722725 149.712875 52.502052 14.766202 -15.586547
-52.091881 -99.671867 -199.343735 -54.142742 -10.664479
-58.244465 -10.254307 -20.918787 -58.244465 -94.339622
22.969648 41.017227 115.668579 54.963085 66.447906
25.840853 -156.275635 6.972929 -66.037735 -104.183762
-180.065628 -86.95652 -60.705498 -25.02051 7.383101
61.115669 135.356857 142.73996 56.603775 52.502052
35.68499 -60.295326 -25.02051 -171.452011 -127.973747
-92.288765 -78.342903 -20.918787 16.817064 45.11895
117.309273 79.573425 -9.844134 -101.312553 -117.719444
-208.777695 -129.614441 -79.163246 -44.708778 37.325676
73.420837 53.732567 79.983597 43.068089 32.813782
-16.406891 -58.654636 -75.881874 -124.692375 -167.760468
-41.427399 16.817064 33.634129 -20.508614 41.017227
74.651352 4.922067 2.050861 -48.810501 -77.112389
-207.136993 -117.719444 -41.017227 -2.871206 -24.610336
39.786713 117.719444 66.858078 14.766202 -5.742412
-50.861362 -44.298607 16.406891 -110.746513 -113.20755
-37.325676 -49.220673 -59.064808 -78.342903 23.789991
15.586547 33.634129 75.061523 79.983597 68.498772
5.33224 -19.278097 -105.414276 -161.60788 -117.309273
-153.814606 -154.224777 -92.698936 17.637407 65.217392
64.80722 101.722725 146.021332 125.92289 52.091881
52.502052 45.11895 -16.406891 -79.573425 -202.625107
-176.374084 -100.49221 -135.767029 -116.899101 -74.651352
-1.230517 62.756359 116.078758 122.231339 82.034454
70.959801 100.902382 147.662018 79.163246 36.505333
-54.963085 -435.602966 -206.31665 -233.798203 -270.713715
-141.099258 -109.515999 -57.013947 28.712059 93.929451
136.1772 118.539787 146.841675 109.92617 34.864643
-1.640689 -32.813782 -117.309273 -268.252655 -264.15094
-117.719444 -121.410995 -21.73913 -99.671867 14.35603
59.064808 47.579983 86.136177 118.129616 72.190323
68.908943 107.875313 93.109108 62.756359 4.511895
-57.424118 -299.015594 -288.761292 -232.977859 -74.651352
-95.980316 -13.535686 29.532404 59.885151 79.983597
73.420837 88.187042 110.336342 74.651352 60.705498
-8.203445 0 -33.223953 -185.808044 -133.305984
-93.929451 -31.173094 -61.115669 -77.932732 -18.457752
-51.681705 -11.894996 -5.742412 11.074652 70.959801
145.200989 125.102547 95.159966 22.969648 59.064808
-54.142742 -75.471703 -73.831009 -145.200989 -160.377365
-109.105827 -74.24118 -15.586547 57.424118 83.675148
92.698936 93.929451 112.797379 109.105827 118.949959
133.305984 76.292046 -105.824448 -312.55127 -254.71698
-268.662842 -194.01149 -124.282204 -22.149303 32.813782
73.420837 85.726006 99.671867 84.905663 94.339622
64.80722 2.050861 -68.908943 -97.621002 -210.008209
-152.17392 -201.394592 -147.662018 -17.637407 -34.864643
41.017227 68.498772 78.342903 41.427399 9.844134
52.502052 70.549629 -20.918787 -63.986874 -213.699753
-239.95079 -113.617722 -118.949959 -29.532404 15.996718
-12.715341 54.552914 64.397049 45.939297 39.376537
63.576702 60.705498 101.722725 101.722725 -55.373257
-173.502869 -98.031174 -198.933548 -111.156685 -79.163246
-13.535686 18.457752 53.322395 88.187042 132.485641
109.105827 53.732567 -4.511895 -100.49221 -54.142742
-106.644791 -127.973747 -120.590652 -73.010666 -37.325676
-33.223953 -8.613618 12.305168 45.529121 57.013947
65.217392 84.905663 27.071371 -13.945857 -39.376537
-25.430681 -34.0443 -136.997543 -9.844134 -61.936012
-99.261688 -30.76292 -24.610336 -8.203445 68.498772
54.963085 45.939297 39.786713 4.922067 -59.885151
-60.705498 -96.800659 -62.346188 -110.336342 -37.325676
9.844134 34.0443 67.678429 91.878593 62.346188
142.73996 64.80722 -68.908943 -158.326492 -94.339622
-38.966366 -102.543068 -72.190323 -7.793273 -62.346188
-89.417557 -43.47826 20.508614 -9.433963 0
31.583265 45.529121 -36.915504 -106.644791 -64.80722
-108.695656 -34.454472 2.050861 2.050861 19.688269
79.573425 16.817064 -41.017227 -20.918787 -66.447906
-173.502869 -164.47908 -96.800659 -100.082039 -60.705498
-16.406891 22.149303 82.444626 92.288765 113.617722
109.515999 93.109108 54.963085 6.562757 -54.142742
-211.648895 -329.778503 -165.709595 -175.963913 -133.305984
-46.349468 15.176374 -0.820345 108.285484 130.434784
99.671867 160.377365 120.590652 68.498772 5.742412
-85.726006 -158.326492 -232.567688 -178.014771 -159.146851
-200.164078 -123.051682 -86.136177 -10.254307 27.481543
66.037735 116.48893 93.519279 132.07547 141.50943
95.159966 84.905663 70.549629 54.142742 35.274815
-4.922067 -146.021332 -378.999176 -290.401978 -142.73996
-75.061523 -74.651352 -89.007385 -19.278097 66.447906
78.342903 90.2379 105.004105 95.980316 74.24118
70.549629 64.397049 22.969648 32.813782 -84.08532
-289.171448 -180.065628 -254.306808 -184.987701 -148.482361
-82.034454 16.406891 44.708778 83.675148 108.695656
114.438065 111.566856 95.980316 66.447906 71.780151
62.346188 9.433963 -16.817064 -114.848236 -191.140289
-155.865463 -171.04184 -105.824448 -100.082039 -71.36998
10.664479 68.498772 64.397049 95.570145 82.854797
70.959801 43.47826 2.050861 -21.73913 -77.112389
-167.350296 -158.736679 -95.980316 -44.708778 -56.603775
-69.729286 -17.227236 40.607056 19.688269 59.885151
74.24118 91.878593 75.881874 31.583265 1.640689
4.101723 -7.793273 -9.844134 -25.02051 -63.576702
-159.146851 -77.52256 -115.668579 -97.210831 -74.24118
-59.474979 -9.433963 30.76292 55.783428 72.190323
86.95652 66.037735 48.810501 22.969648 9.433963
21.73913 -27.071371 -44.298607 -109.515999 -244.052505
-79.573425 -109.515999 -148.482361 6.972929 -32.40361
-22.149303 7.793273 20.508614 -2.871206 55.373257
11.074652 17.227236 61.115669 41.017227 30.76292
-41.837574 -29.532404 -30.352749 -127.153404 -69.319115
-71.780151 -39.376537 -0.820345 -41.837574 -28.301888
7.793273 4.511895 8.613618 18.867926 67.268257
89.827728 75.061523 41.837574 -3.69155 -53.322395
-116.078758 -152.994263 -208.777695 -71.36998 -59.885151
-11.074652 -13.945857 -9.844134 -46.349468 9.844134
72.600494 86.546349 94.749794 83.675148 71.36998
39.786713 -48.40033 -50.041019 -104.183762 -156.275635
-126.333061 -116.48893 -9.844134 -13.535686 -31.993437
-16.817064 11.484824 43.47826 20.918787 41.427399
60.295326 -19.688269 -97.210831 -61.936012 -33.634129
-63.166531 -22.149303 -139.868744 -43.888435 -6.562757
30.76292 47.169811 50.861362 58.654636 25.430681
73.831009 78.753075 -68.498772 -77.932732 -98.851517
-198.113205 -80.80394 -113.20755 -76.292046 -16.406891
54.142742 32.813782 43.888435 68.908943 51.271534
15.586547 -1.640689 -15.996718 -95.980316 -141.099258
-217.391312 -187.038559 -172.272354 -16.817064 -47.579983
-15.586547 86.546349 149.302704 123.872025 115.258408
109.92617 81.214111 51.681705 0.820345 -51.271534
-208.777695 -356.849884 -235.84906 -227.645615 -109.105827
-38.146023 -6.972929 92.288765 77.932732 79.163246
83.675148 77.52256 77.112389 98.851517 70.959801
54.552914 66.858078 42.657917 -9.433963 -128.383926
-261.279755 -250.205093 -236.259232 -155.04512 -186.628387
-124.692375 8.613618 93.929451 131.255127 118.539787
96.800659 42.657917 13.535686 43.47826 39.376537
44.298607 48.810501 -3.281378 -81.624283 -280.968018
-328.548004 -259.228882 -176.374084 -138.228058 -82.444626
-34.0443 22.149303 120.590652 177.194427 133.716156
138.228058 150.943405 105.414276 79.163246 61.525841
40.607056 -9.02379 -22.559475 -111.566856 -173.91304
-213.699753 -185.808044 -181.706314 -130.844955 -81.624283
-61.525841 -50.041019 9.433963 18.047581 25.840853
85.726006 108.695656 85.315834 89.417557 54.142742
29.122232 22.559475 11.894996 -45.11895 -60.705498
-44.708778 -145.61116 -195.242004 -193.191147 -212.059067
-142.329788 -46.75964 -7.383101 33.223953 87.366692
125.102547 142.329788 161.197708 121.000824 91.468414
75.061523 65.217392 45.11895 -2.050861 34.454472
-50.041019 -185.397873 -115.668579 -189.499588 -202.625107
-198.113205 -198.933548 -118.949959 -90.648071 -13.125513
42.247746 107.875313 108.285484 75.061523 93.109108
122.64151 125.102547 109.105827 106.234619 33.634129
-17.227236 -111.566856 -175.14357 -233.388031 -203.855621
-187.44873 -184.57753 -124.692375 -52.502052 18.457752
61.525841 85.726006 113.617722 131.255127 148.482361
112.387207 47.990158 23.789991 22.559475 -9.433963
-98.851517 -381.050049 -175.963913 -111.977036 -148.072189
-60.295326 -41.017227 15.586547 68.498772 74.651352
90.648071 63.986874 62.346188 54.963085 34.0443
-44.298607 -64.80722 -137.407715 -270.713715 -169.811325
-70.549629 -45.11895 -16.406891 13.535686 40.607056
84.905663 133.305984 118.539787 73.831009 38.556194
-18.047581 -96.800659 -109.92617 -105.004105 -151.763748
-187.038559 -81.214111 37.735851 -31.173094 -18.047581
48.40033 89.007385 92.288765 64.397049 92.698936
57.83429 41.837574 35.68499 -23.789991 -180.4758
-123.461853 -172.272354 -145.200989 -113.20755 -89.007385
-67.268257 8.203445 44.708778 66.037735 98.851517
79.983597 70.549629 60.295326 45.11895 47.579983
0.410172 -65.217392 -79.163246 -176.784256 -200.574249
-80.80394 -136.1772 -122.64151 -32.40361 -53.732567
14.766202 75.881874 59.885151 88.597214 93.929451
83.675148 34.454472 -10.254307 -37.735851 -0.820345
-3.281378 -48.810501 -149.712875 -171.862183 -66.037735
-163.248566 -189.90976 -25.840853 -62.346188 -45.11895
41.837574 89.827728 106.234619 105.004105 158.326492
168.170639 28.712059 33.223953 2.050861 -17.227236
-143.560303 -351.107483 -213.289581 -134.946686 -141.919601
-48.810501 15.176374 64.80722 83.675148 112.387207
110.746513 98.851517 108.695656 77.932732 92.698936
48.810501 34.454472 34.0443 -106.644791 -217.391312
-325.676788 -162.838394 -123.051682 -154.634949 -73.831009
-52.912224 22.149303 79.163246 89.417557 65.217392
68.498772 52.091881 25.840853 36.095161 51.271534
69.729286 52.912224 -102.132896 -185.397873 -217.391312
-118.129616 -106.234619 -104.183762 -69.729286 -50.041019
12.715341 34.454472 48.40033 54.552914 46.349468
37.735851 52.502052 23.37982 8.203445 45.11895
2.461034 -10.664479 57.424118 56.603775 -98.031174
-299.015594 -121.000824 -170.221497 -239.130432 -182.526657
-143.150131 -50.861362 12.305168 66.858078 98.851517
108.695656 125.102547 94.339622 91.058243 69.319115
61.936012 23.37982 -52.502052 -122.231339 -52.502052
-69.319115 -187.858902 -136.587372 -101.312553 -186.628387
-145.200989 -77.52256 -22.149303 41.017227 79.573425
102.953239 121.000824 77.932732 57.83429 36.915504
27.071371 21.73913 0 -22.149303 -53.322395
-97.621002 -163.248566 -133.305984 -171.04184 -43.888435
-58.654636 -103.77359 -65.217392 -36.095161 -23.789991
-15.176374 12.715341 31.173094 45.11895 57.013947
77.112389 91.058243 89.007385 75.881874 33.223953
-8.613618 -27.481543 -49.630844 -71.36998 -160.377365
-133.305984 -188.269073 -171.452011 -70.139458 -97.210831
-41.427399 -43.888435 -5.742412 -14.35603 4.101723
31.583265 51.271534 86.136177 79.163246 90.2379
84.905663 69.729286 68.498772 20.508614 54.142742
100.902382 -57.013947 -111.977036 -129.614441 -178.014771
-163.658737 -137.407715 -97.621002 -119.36013 -134.126328
-115.668579 -57.424118 -9.844134 30.76292 55.783428
117.309273 96.800659 91.058243 105.824448 91.468414
88.597214 66.037735 -22.969648 -122.64151 -190.319931
-268.252655 -168.170639 -86.95652 -94.749794 -62.756359
-42.657917 -29.122232 -0.820345 22.149303 29.122232
61.115669 83.675148 88.187042 52.091881 55.783428
47.169811 2.871206 -61.936012 -127.153404 -114.027893
-125.512718 -61.525841 -30.352749 -43.888435 -68.498772
-29.532404 -41.837574 -20.918787 -2.050861 -54.552914
-14.35603 36.915504 26.661198 -8.613618 -6.562757
3.69155 3.281378 22.969648 -27.891714 6.562757
-7.793273 -6.562757 -3.281378 29.122232 58.244465
17.227236 -8.203445 -21.328959 -41.837574 -56.603775
-98.441345 -100.902382 -69.319115 -77.112389 -43.47826
-41.017227 15.176374 45.529121 53.732567 59.474979
34.864643 62.346188 87.366692 36.095161 -40.196884
-133.716156 -133.716156 -190.319931 -133.305984 -106.644791
-26.661198 -9.844134 -38.146023 8.203445 47.579983
37.735851 89.007385 84.905663 50.041019 27.071371
-11.074652 -115.258408 -127.563576 -102.543068 -157.095978
-105.004105 -35.274815 -25.02051 33.634129 2.461034
0 53.322395 74.651352 58.244465 44.298607
47.169811 40.196884 3.281378 -43.068089 -65.627563
-95.159966 -130.434784 -134.946686 -181.706314 -174.733383
-46.349468 -52.502052 -68.908943 -4.922067 45.529121
59.474979 70.959801 91.468414 94.749794 80.393768
58.654636 13.125513 -12.715341 -5.33224 -25.430681
-18.457752 -52.502052 -70.549629 -118.949959 -159.557022
-233.798203 -181.706314 -121.821167 -118.129616 -41.017227
-42.657917 -24.200165 54.963085 62.346188 75.471703
73.420837 66.858078 57.83429 37.735851 35.274815
-27.071371 -64.80722 -29.532404 -4.511895 -88.187042
-98.851517 -106.234619 -127.563576 -109.515999 -89.007385
-59.885151 -51.271534 -76.292046 -23.37982 42.657917
84.495491 107.054962 97.621002 93.519279 70.549629
31.583265 37.735851 44.708778 49.220673 25.430681
-24.610336 -70.959801 -95.159966 -173.91304 -163.248566
-207.136993 -184.57753 -136.1772 -85.315834 -0.820345
-7.793273 -23.789991 12.305168 74.24118 114.848236
104.593933 77.932732 66.037735 34.454472 37.325676
34.454472 -11.484824 11.894996 41.837574 43.068089
40.607056 -10.664479 -105.004105 -182.526657 -242.821991
-246.923706 -161.197708 -117.309273 -87.366692 -79.983597
-59.885151 -54.142742 2.461034 52.091881 86.95652
79.573425 76.702217 59.064808 38.146023 34.454472
18.457752 4.511895 10.254307 12.715341 17.637407
-6.152584 -7.383101 9.02379 -16.406891 -35.68499
-194.01149 -232.567688 -181.296143 -76.702217 -43.888435
-62.346188 -111.156685 -84.495491 -56.193604 -18.457752
28.712059 93.519279 93.929451 80.80394 92.288765
84.905663 73.010666 45.939297 17.227236 -13.125513
-28.712059 -26.661198 -27.481543 -43.888435 -34.454472
-44.298607 -37.325676 -44.298607 -72.600494 -130.844955
-142.329788 -85.726006 -56.603775 -24.200165 -57.83429
-68.0886 -83.264969 -21.73913 -43.068089 -50.861362
-19.688269 14.35603 28.301888 42.247746 43.47826
31.583265 27.071371 11.074652 2.461034 0
12.305168 2.871206 -18.867926 -5.742412 -9.02379
-2.871206 -81.624283 -131.255127 -88.187042 -81.624283
-22.969648 -4.922067 -60.705498 -86.546349 -24.200165
-11.484824 -27.481543 -5.33224 -28.712059 -62.756359
-45.11895 -1.640689 0 -23.37982 1.230517
24.200165 42.247746 18.047581 -4.101723 37.735851
20.098442 -10.664479 -62.756359 -105.414276 -58.654636
-31.583265 -69.319115 -77.52256 -54.142742 -52.912224
-54.142742 -44.298607 -10.664479 -3.69155 -13.125513
-21.328959 -23.37982 -51.271534 -15.996718 -16.406891
-38.146023 -33.634129 -58.654636 -70.549629 -52.091881
-1.230517 14.766202 43.47826 7.793273 -26.251026
18.047581 47.579983 57.83429 48.810501 51.271534
46.349468 26.661198 19.688269 -9.844134 -66.447906
-75.061523 -73.831009 -75.881874 -118.539787 -114.438065
-51.681705 31.173094 17.227236 -8.613618 -12.715341
-28.301888 -7.793273 0.820345 -27.891714 -47.169811
-14.766202 13.535686 -1.640689 -28.712059 -15.586547
-21.73913 -31.173094 -108.285484 -101.312553 -99.261688
-105.004105 -103.77359 -59.474979 -22.969648 -24.200165
53.322395 57.013947 34.0443 59.064808 52.912224
62.756359 20.918787 -18.457752 -22.149303 -34.864643
-25.840853 -0.410172 -33.634129 -58.654636 -64.397049
-45.11895 -29.532404 -14.766202 -33.223953 -28.712059
-4.511895 2.871206 -10.664479 -19.278097 -16.406891
-38.146023 -75.061523 -123.051682 -93.519279 -36.095161
6.152584 -9.433963 -11.894996 29.942575 3.281378
0.820345 7.793273 39.786713 12.305168 -25.430681
0.820345 -42.247746 -17.637407 -22.149303 -57.013947
-61.115669 -39.786713 -1.230517 38.146023 23.789991
22.969648 -21.73913 -9.844134 4.922067 -38.556194
-39.786713 -42.657917 -66.037735 -95.570145 -99.671867
-77.52256 -50.451191 -41.017227 -43.068089 -53.322395
-29.942575 17.637407 37.735851 41.427399 31.583265
-20.508614 -31.993437 -31.583265 -95.159966 -116.48893
-33.634129 42.657917 44.298607 45.11895 2.461034
-0.820345 35.274815 43.888435 2.461034 16.817064
15.586547 33.634129 11.484824 -36.095161 -34.454472
-69.729286 -130.024612 -180.065628 -206.31665 -128.794098
-49.220673 -45.529121 31.993437 56.193604 67.678429
48.810501 18.047581 -0.820345 9.433963 5.742412
57.424118 16.406891 -7.383101 -60.295326 -175.553741
-217.391312 -148.482361 -64.397049 -44.298607 -31.583265
78.753075 62.346188 95.159966 26.251026 10.664479
11.074652 21.73913 6.972929 -11.484824 -3.281378
-20.508614 -39.376537 -22.969648 -20.098442 -15.176374
28.712059 33.634129 -169.401154 -221.493027 -69.319115
-49.630844 -77.932732 -33.634129 -11.074652 -10.254307
-7.383101 14.35603 26.251026 22.559475 -4.511895
-5.742412 -15.586547 -12.715341 -7.793273 3.281378
53.322395 68.0886 19.278097 -7.793273 -19.688269
-53.322395 -142.73996 -188.679245 -210.418381 -95.980316
-3.281378 -35.274815 -25.840853 -38.966366 -5.742412
2.871206 21.328959 41.837574 41.017227 39.786713
36.505333 38.556194 33.634129 18.457752 5.742412
12.715341 24.610336 16.406891 -22.559475 -56.603775
-63.986874 -19.688269 -55.783428 -28.712059 -83.675148
-258.408539 -139.868744 -69.729286 -39.786713 -79.573425
-52.502052 -8.613618 2.050861 10.254307 25.02051
25.02051 7.383101 21.73913 5.33224 7.383101
12.715341 24.610336 51.681705 80.80394 63.576702
67.678429 31.583265 -26.251026 -70.139458 -79.163246
-151.763748 -205.906479 -118.129616 -96.390488 -109.105827
-98.031174 -51.681705 -4.511895 9.433963 29.532404
58.244465 64.397049 49.220673 29.942575 41.427399
38.146023 41.427399 56.193604 41.427399 71.36998
47.990158 43.068089 10.254307 -28.301888 -98.851517
-156.685806 -181.296143 -82.034454 -154.224777 -179.245285
-156.685806 -122.231339 -34.0443 -2.461034 47.990158
105.824448 97.210831 69.729286 52.091881 52.912224
22.969648 13.125513 8.203445 5.742412 17.637407
51.271534 54.963085 57.013947 58.244465 -27.481543
-100.082039 -186.218216 -133.716156 -127.153404 -204.675964
-178.835114 -179.245285 -136.997543 -82.854797 -47.169811
13.125513 65.627563 46.75964 -4.101723 17.227236
50.861362 59.474979 52.912224 60.295326 48.40033
72.600494 24.610336 -18.047581 -68.0886 -48.810501
-104.183762 -82.854797 -100.49221 -50.451191 -22.149303
-45.939297 -64.80722 -58.244465 -75.471703 -19.688269
1.230517 21.73913 54.552914 84.495491 77.112389
17.227236 -9.02379 -20.508614 -13.535686 -16.817064
-51.271534 -59.474979 -52.091881 -152.584091 -211.648895
-133.716156 -34.0443 -23.789991 -18.457752 -16.817064
-20.098442 0.820345 22.149303 26.661198 24.610336
36.095161 49.630844 43.068089 18.867926 18.047581
15.996718 10.254307 6.562757 14.35603 34.0443
37.735851 25.02051 -126.743233 -241.181305 -130.024612
-123.051682 -91.878593 -48.810501 -38.146023 -32.813782
-32.40361 -27.481543 -8.613618 31.583265 47.169811
44.298607 40.607056 50.041019 44.298607 25.430681
18.457752 20.918787 11.074652 -4.101723 -49.630844
-123.461853 -91.878593 -119.770302 -98.031174 -107.465134
-110.746513 -84.495491 -69.729286 -59.064808 -18.457752
15.996718 32.40361 54.963085 56.603775 65.217392
49.220673 49.630844 41.427399 30.352749 35.68499
-15.176374 -61.936012 -62.756359 -68.908943 -104.183762
-102.953239 -85.315834 -50.041019 -66.858078 -79.573425
-67.678429 -44.298607 -73.420837 -32.40361 -8.203445
15.586547 52.912224 49.630844 53.732567 71.780151
65.627563 64.397049 19.688269 -4.511895 -36.915504
-51.681705 -38.966366 -57.013947 -118.129616 -158.326492
-143.970474 -13.125513 -71.780151 -71.36998 -73.831009
-59.885151 -22.969648 15.996718 46.349468 34.454472
52.502052 72.190323 36.505333 10.664479 11.484824
41.837574 33.223953 -4.511895 -55.783428 -67.678429
-35.274815 -51.681705 -46.75964 -42.657917 -58.244465
-77.52256 -86.136177 -82.444626 -84.08532 -51.271534
-6.152584 27.891714 20.508614 30.76292 19.688269
5.33224 22.149303 29.122232 47.169811 40.196884
20.098442 -21.73913 -51.681705 -79.163246 -115.258408
-132.895813 -79.163246 -66.037735 -103.363411 -64.80722
-35.68499 -13.125513 2.050861 18.867926 17.637407
50.861362 61.525841 27.071371 6.972929 9.433963
15.996718 21.73913 11.074652 21.328959 -1.640689
-26.661198 -42.657917 -64.80722 -73.010666 -97.210831
-107.054962 -126.333061 -109.105827 -86.546349 -63.986874
-73.420837 -53.732567 -40.607056 2.871206 52.502052
52.091881 80.393768 36.095161 47.990158 79.983597
85.315834 53.732567 54.142742 43.068089 29.532404
11.074652 -0.410172 -6.972929 -13.945857 -47.579983
-48.810501 -69.319115 -87.776871 -50.861362 -36.095161
-82.444626 -116.078758 -129.204269 -116.899101 -86.136177
-83.264969 -53.322395 9.02379 31.583265 44.298607
62.756359 71.780151 71.36998 37.325676 17.637407
11.894996 -1.230517 3.281378 -6.562757 -7.383101
-6.152584 -22.559475 -31.583265 -5.742412 -16.406891
-23.37982 -32.40361 -66.447906 -118.539787 -190.319931
-147.251846 -126.743233 -178.835114 -121.000824 -38.146023
-21.328959 14.35603 43.47826 108.695656 100.902382
67.678429 59.885151 39.376537 20.918787 20.508614
7.383101 19.278097 11.484824 5.742412 -9.02379
2.050861 15.586547 14.766202 23.789991 -5.33224
-34.864643 -32.813782 -72.190323 -173.502869 -187.858902
-140.689087 -102.132896 -74.651352 -30.76292 -20.098442
-29.532404 -36.095161 -18.867926 -12.715341 15.586547
16.817064 9.02379 23.789991 32.813782 30.352749
31.173094 23.789991 23.37982 9.433963 -8.203445
2.050861 21.73913 21.328959 16.406891 0
-16.817064 -31.173094 -47.169811 -93.109108 -176.374084
-159.557022 -93.519279 -102.953239 -110.746513 -111.566856
-45.11895 -30.76292 -10.664479 38.556194 43.068089
30.352749 19.688269 15.176374 6.972929 3.281378
11.484824 9.433963 11.484824 7.383101 7.793273
11.074652 26.251026 10.664479 -14.766202 -5.33224
-36.915504 -59.885151 -57.83429 -50.451191 -50.041019
-108.285484 -141.50943 -92.288765 -34.864643 -31.583265
-81.624283 -74.651352 -24.200165 -1.230517 27.481543
38.146023 52.912224 49.220673 65.217392 39.786713
29.122232 37.735851 47.579983 23.789991 3.69155
4.511895 3.281378 -13.945857 -40.196884 -38.966366
-28.712059 -38.556194 -68.498772 -85.315834 -89.827728
-89.007385 -120.180481 -85.315834 -66.037735 -86.95652
-63.986874 -50.041019 -34.0443 0 32.813782
34.0443 47.579983 61.525841 41.427399 28.712059
26.251026 26.251026 14.766202 5.742412 -2.871206
-8.613618 -13.125513 -17.637407 -22.559475 -25.430681
-32.40361 -26.661198 -37.325676 -51.681705 -41.837574
-45.11895 -42.247746 -38.146023 -89.007385 -55.783428
-93.519279 -108.285484 -119.36013 -99.671867 -78.753075
-58.654636 -4.922067 17.637407 32.40361 42.247746
42.657917 40.607056 40.607056 46.75964 47.579983
39.786713 28.712059 14.766202 22.559475 21.328959
-21.328959 9.844134 32.40361 22.969648 -20.508614
-23.37982 -57.013947 -161.197708 -228.876129 -186.218216
-178.424942 -140.689087 -127.973747 -93.109108 -51.681705
-1.640689 2.461034 50.861362 79.163246 56.603775
54.963085 63.986874 50.041019 28.712059 21.328959
3.69155 -13.945857 -13.125513 -10.254307 17.227236
34.0443 4.922067 -22.149303 -117.719444 -68.498772
-43.888435 -64.397049 -61.525841 -91.468414 -96.390488
-57.424118 -29.122232 -36.915504 -1.640689 27.071371
43.068089 43.068089 42.247746 33.634129 19.688269
-16.817064 -20.098442 -12.715341 -15.176374 -20.098442
-37.735851 -51.681705 -38.146023 -102.132896 -51.271534
-2.461034 3.69155 28.712059 -34.454472 -74.651352
-42.247746 -40.196884 -20.098442 -23.37982 -15.176374
5.33224 -15.176374 -14.766202 -18.457752 -31.583265
-10.254307 -12.305168 11.894996 31.993437 24.610336
13.535686 -9.02379 -31.993437 -22.559475 -2.461034
17.637407 1.230517 -25.02051 -53.322395 -75.061523
-89.827728 -27.071371 -38.556194 -32.813782 -44.708778
-45.939297 -36.095161 -38.556194 -41.427399 -49.220673
-36.915504 -28.712059 -43.068089 -25.840853 -50.451191
-38.556194 -44.708778 -47.990158 -35.68499 44.708778
82.444626 58.244465 33.634129 34.864643 16.406891
15.996718 13.535686 9.433963 -17.227236 -36.505333
-31.583265 -17.637407 -14.35603 -26.251026 -34.454472
-45.11895 -43.068089 -54.552914 -85.315834 -104.183762
-121.000824 -103.363411 -75.881874 -51.681705 -35.274815
-29.532404 -6.562757 4.922067 28.712059 28.301888
31.583265 69.729286 54.552914 38.966366 31.993437
46.349468 38.146023 18.047581 -19.688269 -31.173094
-31.173094 -32.813782 -19.688269 1.230517 -6.562757
-21.328959 -57.83429 -58.654636 -52.502052 -45.939297
-108.285484 -161.60788 -100.902382 -67.268257 -73.010666
-78.753075 -6.152584 14.766202 11.484824 29.122232
31.583265 20.508614 36.915504 38.556194 31.173094
11.484824 0 -0.820345 -7.383101 -14.35603
-27.481543 -26.251026 -13.125513 -28.712059 -22.559475
2.050861 22.149303 24.610336 -6.972929 -20.098442
-27.071371 -66.447906 -137.407715 -129.614441 -78.753075
-92.288765 -92.698936 -75.061523 -14.766202 18.457752
-2.871206 26.251026 35.274815 31.993437 54.142742
53.732567 26.251026 -7.383101 -32.40361 -36.505333
-32.813782 -41.837574 -47.990158 -66.037735 -56.193604
-39.786713 -13.945857 0 -21.328959 -15.176374
27.891714 11.484824 -71.36998 -89.417557 -80.393768
-60.295326 -43.888435 -31.583265 -11.074652 -13.535686
-19.278097 -27.071371 -23.789991 -6.972929 -6.972929
2.871206 18.047581 20.918787 12.305168 5.742412
-2.461034 -1.230517 -5.33224 -9.433963 -20.098442
-18.457752 -16.406891 -20.918787 -31.173094 -40.607056
-49.630844 -37.325676 -0.410172 -39.786713 -63.576702
-55.783428 -61.936012 -5.33224 -34.864643 -46.349468
-41.017227 -3.69155 16.406891 4.101723 4.922067
24.610336 27.891714 18.867926 24.610336 18.457752
4.511895 -17.637407 -31.993437 -40.196884 -38.556194
-43.068089 -43.888435 -43.47826 -45.529121 -52.502052
-55.783428 -53.732567 -53.322395 -63.986874 -70.139458
-49.630844 -54.963085 -60.705498 -39.376537 -36.095161
-17.637407 3.69155 23.789991 27.891714 30.352749
39.376537 28.301888 15.996718 -20.508614 5.33224
14.766202 9.844134 7.383101 13.535686 12.305168
15.586547 4.922067 -0.410172 -4.922067 -10.254307
-14.766202 -17.227236 -22.149303 -21.73913 -25.840853
-24.610336 -24.610336 -22.969648 -29.532404 -32.40361
-34.0443 -34.0443 -34.0443 -30.352749 -31.993437
-21.73913 -19.688269 -21.73913 -23.789991 -40.196884
-60.705498 -58.654636 -32.813782 -4.922067 -13.945857
-18.457752 -30.76292 -14.35603 13.945857 7.793273
13.945857 34.454472 30.352749 28.301888 14.35603
5.742412 6.562757 29.532404 18.867926 11.484824
2.871206 0 4.922067 12.715341 10.664479
0.820345 -9.844134 -24.610336 -36.095161 -36.915504
-36.915504 -27.071371 -27.071371 -32.40361 -37.735851
-34.864643 -13.125513 -25.840853 -51.271534 -63.576702
-49.630844 -18.457752 2.050861 22.969648 35.68499
52.502052 19.278097 16.406891 17.227236 23.37982
34.864643 6.152584 -5.742412 9.844134 6.152584
-2.871206 -29.532404 -46.349468 -23.789991 -39.786713
-58.244465 -63.166531 -59.064808 -55.373257 -42.247746
-32.40361 -36.505333 -50.451191 -54.963085 -56.603775
-58.244465 -59.474979 -57.424118 -57.83429 -47.169811
-39.376537 -34.864643 -34.0443 -33.634129 -28.712059
-21.73913 -20.508614 -25.02051 -15.996718 -14.35603
-27.481543 -37.735851 -50.041019 -60.295326 -52.912224
-35.274815 -14.766202 -11.484824 8.613618 -24.200165
-45.529121 -27.891714 -10.254307 -26.661198 -13.125513
17.227236 24.200165 19.688269 9.433963 -2.050861
-6.562757 -33.634129 -26.251026 -43.068089 -47.579983
-42.247746 -31.583265 -31.173094 -13.945857 -8.613618
-5.33224 -16.406891 -27.071371 -33.223953 -39.376537
-46.349468 -38.556194 -38.966366 -34.0443 -31.993437
-22.559475 -19.688269 -25.840853 -35.274815 -31.583265
-27.071371 -28.712059 -33.223953 -36.505333 -38.146023
-40.196884 -33.223953 -45.939297 -41.427399 -32.813782
-19.688269 -22.969648 -24.200165 -44.708778 -38.556194
-33.223953 -35.274815 -35.68499 -30.76292 -38.966366
-51.681705 -50.451191 -44.708778 -46.349468 -46.349468
-43.068089 -36.095161 -21.73913 -18.457752 -31.583265
-36.095161 -28.301888 -16.817064 -18.457752 -23.789991
-23.789991 -21.328959 -19.688269 -24.610336 -22.969648
-20.918787 -9.844134 -27.891714 -37.325676 -23.37982
