-12.451363 -115.175102 -107.782104 -31.128405 28.404671
54.863815 50.58366 59.92218 17.509727 -67.704285
-171.595337 -74.708176 -23.346304 -28.015566 22.957199
124.902725 118.287941 1.167315 -111.28405 -166.147858
-115.564209 5.836576 35.797665 85.214012 73.151756
-8.949416 -96.498055 -189.105057 -60.70039 -109.338524
-54.863815 21.011673 125.680939 146.303513 149.027237
-39.688717 -138.132294 -163.813232 -153.696503 -140.466934
-29.571985 125.680939 153.696503 166.926071 101.945526
-45.914398 -213.229584 -168.093384 -121.011673 -62.256809
-8.949416 -8.949416 65.369652 67.315178 54.085606
-5.058366 -105.058365 -145.525299 -99.610901 53.696499
84.046692 43.579769 -49.80545 -48.249027 -30.7393
-30.350195 -149.80545 -195.719849 29.571985 58.754864
66.147865 163.813232 134.241241 2.33463 -21.400778
-87.548637 -136.964981 -171.595337 -102.334633 -16.731518
34.241245 114.396889 189.105057 140.07782 29.18288
-77.821014 -178.599228 -178.210129 -120.622574 -96.108955
-18.677044 112.451363 156.420242 64.202339 -11.284047
-138.910507 -209.338531 -155.642029 -77.431908 -22.568094
82.490273 123.735413 143.968872 119.066154 -13.229572
-154.085602 -191.050583 -152.52919 -175.486389 -62.645916
37.743191 155.25293 139.299622 119.455254 56.031132
-52.918289 -83.657593 -122.178993 -86.381325 -98.443581
-86.381325 -55.642025 5.447471 83.657593 72.373543
61.4786 129.96109 128.404678 75.097275 -106.614792
-198.832687 -189.105057 -147.081711 -105.447472 -11.284047
18.677044 58.754864 140.856033 96.887161 -148.638138
-198.054474 -78.210121 -41.245136 54.474709 103.891052
98.054474 108.56031 -36.964981 -65.369652 -133.852142
-120.622574 -23.346304 -98.832687 -30.350195 12.840467
33.852142 39.29961 12.840467 20.233463 36.186771
-36.186771 -205.058365 -161.089493 -41.245136 -18.677044
1.167315 10.505836 18.287939 16.342413 42.412453
-66.536964 -126.848251 -112.451363 -134.630356 -34.630352
83.657593 152.52919 163.813232 111.28405 22.568094
-86.381325 -85.603111 -150.972763 -100 -77.821014
-37.743191 52.918289 138.521408 85.603111 22.957199
-17.898832 -49.80545 -76.653702 -64.591438 -49.80545
15.953308 93.774323 52.529182 135.797668 102.72374
-27.237354 13.229572 -12.451363 -139.299622 -161.089493
-104.669266 -64.591438 -49.80545 47.470818 67.704285
119.066154 150.19455 82.490273 -95.330742 -181.712067
-194.941635 -210.894943 -54.474709 57.976654 142.41246
178.210129 92.60701 -6.225681 -121.011673 -266.536957
-282.490265 -150.19455 -108.171211 -54.474709 49.416344
58.754864 41.245136 -1.55642 -138.521408 -245.914398
-236.575882 -183.657593 -84.824905 4.669261 73.151756
92.996109 96.498055 117.509727 91.828796 1.945525
-94.163429 -144.357986 -178.210129 -185.603119 -133.073929
16.731518 64.202339 90.661484 117.898834 120.622574
3.891051 -61.089497 -175.097275 -144.357986 -237.354095
-178.988327 -88.715958 -21.789885 107.782104 212.840469
192.217911 117.509727 -34.630352 -94.163429 -162.64592
-156.031128 -240.856033 -140.856033 -81.712067 4.280156
28.404671 33.463036 43.579769 122.957199 82.490273
76.653702 -28.793776 -49.416344 -152.140076 -112.062263
-52.918289 -8.949416 1.167315 105.447472 89.494164
70.428017 43.968872 110.505836 51.750973 5.836576
-31.517511 -188.715958 -124.124519 -58.365761 -91.050583
-84.435799 -73.151756 -36.964981 27.626459 22.957199
22.957199 -46.303505 -183.268494 -224.124527 -222.957199
-250.583664 -119.455254 33.852142 29.96109 55.252918
82.879379 5.058366 -38.910507 -164.980545 -237.743195
-165.369659 -194.941635 -96.108955 -71.595329 -132.295731
-60.70039 -15.564202 -17.120623 105.058365 54.863815
33.073933 -5.447471 -59.14397 -105.447472 -229.96109
-214.785995 -202.72374 -179.377441 -146.303513 -91.43969
20.233463 96.498055 179.766541 189.88327 128.793777
-0.77821 -113.229576 -187.548645 -268.871613 -221.011673
-163.424133 -197.276276 -66.926071 -34.241245 87.548637
191.439697 238.521408 141.245132 97.276268 64.202339
-60.70039 -71.595329 -172.76265 -268.093384 -149.027237
-70.817123 -7.392996 141.634247 147.859924 58.754864
-8.560311 26.459145 55.642025 27.237354 -70.817123
-96.887161 -38.132298 -14.396888 8.560311 13.618677
-19.066149 -30.350195 -11.284047 35.408562 21.011673
20.233463 13.229572 42.023346 43.579769 112.062263
129.182877 155.642029 68.482491 -69.649811 -105.058365
-191.828796 -161.867706 -40.466927 -79.377434 2.723736
68.871597 122.178993 143.968872 107.003891 45.136189
-44.357979 -80.933853 -77.042801 -199.610901 -282.101166
-219.455261 -89.88327 -89.105064 14.785993 108.171211
149.416351 153.307404 129.182877 79.766541 21.011673
-126.848251 -177.042801 -165.758759 -162.256821 -152.918289
-84.046692 13.618677 55.642025 30.7393 8.171206
72.76265 108.171211 69.649811 -9.338522 33.463036
-61.089497 -76.264595 -96.887161 -98.832687 -81.712067
-109.338524 -52.918289 -55.252918 52.918289 86.381325
94.941635 100 100 69.649811 25.680935
-47.470818 -103.501945 -110.116737 -240.07782 -153.696503
-15.953308 74.319069 70.428017 189.105057 122.957199
40.077824 61.4786 -25.680935 26.07004 -29.18288
-89.494164 -96.887161 -142.801559 -128.015564 -93.385216
-25.29183 -19.455254 116.342415 52.918289 1.55642
44.357979 -39.29961 -36.186771 -110.116737 -98.054474
-148.638138 -204.280167 -95.330742 -5.058366 -104.669266
-34.241245 42.023346 61.867706 75.486382 86.770432
15.175097 -11.284047 -24.124514 -73.929962 -17.898832
-67.704285 -74.708176 -107.782104 -117.509727 -53.307396
-22.178989 -0.77821 36.964981 98.054474 101.16732
150.583664 75.486382 20.233463 -7.392996 -137.743195
-155.25293 -203.501953 -174.319077 -92.60701 -70.817123
0.389105 109.338524 142.801559 159.533081 103.112846
73.540855 -38.910507 -134.241241 -127.237358 -81.32296
-63.424126 -169.649811 -141.634247 -43.968872 12.451363
25.680935 104.280159 98.443581 35.797665 63.813232
-21.011673 -78.59922 -168.871597 -137.743195 -49.80545
-41.245136 -1.167315 -19.844358 43.190662 7.392996
56.031132 -49.027237 -7.782101 53.307396 78.988327
49.027237 -61.4786 -73.929962 32.295719 -98.832687
0.389105 -10.894942 14.785993 -82.490273 -24.124514
49.80545 -46.692608 17.509727 39.688717 26.07004
61.4786 43.968872 26.459145 -26.848249 -72.76265
-29.96109 -65.369652 -54.474709 -122.178993 -166.536972
-257.198456 -61.089497 29.571985 102.72374 157.976654
153.307404 179.766541 169.260712 62.645916 -155.25293
-122.178993 -194.941635 -357.198456 -247.081726 -254.085617
-116.342415 5.447471 130.739304 145.525299 164.980545
115.175102 88.326851 26.848249 -104.280159 -131.128403
-101.945526 -141.634247 -155.642029 -102.72374 -35.408562
-31.517511 77.042801 124.902725 81.712067 40.856033
-14.785993 -7.003891 -9.727627 0.77821 -56.809341
-91.828796 15.175097 -38.5214 16.342413 -98.054474
-21.011673 4.280156 67.315178 81.712067 19.066149
-27.237354 -12.840467 -42.412453 -64.980545 -20.622568
-43.190662 -20.233463 -110.894943 -19.844358 -54.474709
-15.175097 -37.743191 -36.964981 -50.58366 -37.354088
-57.976654 -14.785993 28.793776 -24.513618 -27.626459
-12.451363 -7.003891 -21.011673 40.466927 -67.315178
-35.797665 -16.731518 -11.673152 18.287939 68.093384
68.482491 38.5214 45.136189 59.92218 5.447471
-59.92218 -64.980545 -48.249027 -129.571991 -103.501945
-55.252918 -49.416344 17.509727 93.385216 98.054474
79.377434 93.774323 84.435799 38.910507 34.241245
-185.21402 -228.015564 -341.634247 -290.272369 -79.766541
-150.972763 -40.466927 96.498055 128.015564 147.081711
128.015564 63.424126 -16.731518 -42.801556 -96.498055
-53.696499 -99.610901 -158.365768 -184.046692 -135.019455
-43.190662 -51.750973 22.568094 56.031132 56.420235
77.042801 25.680935 7.782101 42.801556 17.509727
-16.342413 -142.023346 -160.311295 -171.595337 -162.64592
25.29183 63.035023 85.992218 61.4786 3.112841
3.891051 11.284047 -19.455254 -15.953308 -63.035023
-8.171206 33.463036 -103.501945 -149.80545 -71.595329
-41.634243 -71.595329 -56.031132 75.486382 119.066154
78.59922 79.377434 59.92218 12.451363 3.891051
-108.949417 -229.571991 -93.385216 -162.64592 -4.669261
12.062257 -38.910507 48.249027 115.564209 124.513618
146.692612 98.832687 37.743191 12.062257 -87.159538
-68.482491 -147.081711 -124.513618 -252.918289 -0.77821
-75.486382 48.249027 72.373543 69.260704 90.661484
82.879379 10.116732 -34.241245 -65.369652 -80.155647
-170.03891 -139.688721 -126.459145 -152.918289 -140.466934
-85.992218 45.136189 127.626465 38.132298 134.241241
95.330742 46.692608 51.36187 -5.836576 -140.07782
-161.478607 -160.700394 -221.789886 -158.365768 25.680935
26.848249 128.793777 143.579773 39.688717 120.233467
120.622574 45.914398 -94.552528 -119.066154 -111.673157
-119.066154 -130.739304 -82.490273 -80.155647 41.245136
-8.949416 95.719849 163.424133 83.268486 80.155647
21.789885 -42.801556 -110.894943 -102.72374 -62.256809
-115.175102 -98.443581 -10.894942 -34.630352 -7.782101
65.758759 -19.066149 43.190662 50.58366 -49.80545
12.062257 -43.968872 0.77821 -17.120623 -24.902725
-147.081711 -93.385216 -24.124514 35.019455 -75.486382
40.466927 63.035023 53.696499 70.817123 14.785993
-41.245136 58.754864 18.677044 -22.568094 15.175097
43.190662 -33.852142 -28.404671 -71.20623 -103.501945
-63.035023 -82.490273 0 0 15.175097
52.918289 122.178993 99.221794 8.949416 52.140079
-132.295731 -167.704285 -259.143982 -194.163422 -176.264603
-68.093384 -83.657593 -5.836576 116.731522 96.498055
88.715958 91.828796 82.490273 7.392996 16.342413
-31.906616 -199.610901 -265.369659 -326.848267 -170.428024
-143.579773 20.622568 131.128403 115.953308 163.035019
127.626465 111.673157 59.14397 30.350195 -36.186771
-106.614792 -349.027252 -224.513626 -303.891052 -134.241241
-88.715958 -7.003891 39.688717 149.027237 204.280167
197.665375 166.926071 145.525299 59.533077 23.346304
12.062257 -243.579773 -267.315186 -333.852142 -309.727631
-187.159531 -98.054474 -12.840467 89.494164 185.21402
191.439697 203.112839 176.264603 156.420242 60.70039
-41.634243 -139.299622 -154.474716 -154.474716 -137.743195
-202.334641 -166.536972 -73.540855 17.898832 82.101166
181.322968 151.361877 128.015564 101.556419 51.750973
10.116732 -42.023346 -42.801556 -52.529182 -254.085617
-202.334641 -191.050583 -132.295731 -1.55642 46.303505
111.673157 120.233467 97.276268 43.968872 -76.653702
24.513618 -50.972763 -134.241241 -224.513626 -135.408569
-128.404678 -165.758759 -3.891051 92.217903 31.128405
127.237358 124.513618 119.066154 96.108955 67.704285
-54.085606 -33.463036 -57.976654 -64.591438 -49.416344
-87.159538 -116.731522 -115.953308 -36.964981 -96.887161
37.743191 44.747082 41.634243 24.513618 56.420235
87.159538 21.789885 52.918289 -24.902725 -142.41246
-128.793777 -164.591446 -165.758759 -50.972763 64.980545
56.031132 138.910507 115.564209 69.260704 40.856033
-40.077824 -85.603111 -152.918289 -70.03891 -84.435799
-87.159538 -84.824905 -69.260704 -81.32296 -63.424126
0.389105 50.972763 133.463043 78.988327 87.548637
-7.782101 -121.789886 4.280156 -8.560311 -22.568094
-74.708176 -85.992218 -93.385216 -150.972763 -53.307396
22.178989 79.377434 161.089493 91.050583 80.933853
111.28405 33.073933 35.797665 -175.097275 -140.07782
-181.712067 -166.536972 -180.15564 -60.311287 69.649811
155.642029 167.704285 119.066154 33.852142 -51.750973
-161.478607 -114.785995 -142.023346 -171.595337 -73.540855
-28.015566 -40.466927 -23.346304 10.116732 70.817123
98.054474 33.073933 48.638134 -4.669261 -68.482491
-38.910507 -63.035023 -31.906616 -135.797668 -73.540855
5.836576 -45.914398 8.560311 -36.186771 -37.743191
-106.614792 -74.708176 -6.225681 10.894942 -41.634243
7.782101 102.334633 39.29961 16.731518 -35.408562
-110.505836 -31.128405 -34.630352 -134.630356 -37.354088
-12.062257 7.782101 47.470818 22.957199 55.642025
-8.171206 1.167315 8.560311 -40.466927 -1.55642
-23.735409 -47.081715 -131.128403 -130.739304 -85.603111
-138.521408 -77.042801 12.840467 121.40078 153.696503
129.182877 107.392998 87.548637 109.727631 -12.062257
-24.902725 -36.186771 -142.41246 -217.509735 -252.918289
-139.299622 -57.198444 8.560311 -14.396888 -13.229572
55.642025 91.050583 89.105064 51.750973 6.614786
5.447471 43.579769 92.996109 56.031132 28.404671
-91.43969 -382.101166 -198.054474 -178.988327 -224.902725
-122.178993 -56.420235 -20.233463 69.260704 135.408569
135.019455 115.953308 108.949417 73.929962 38.132298
3.112841 -34.630352 -173.540863 -350.583679 -338.521423
-141.634247 -139.299622 -12.451363 -115.175102 10.116732
40.466927 53.696499 110.116737 144.357986 95.330742
98.832687 117.509727 74.319069 59.92218 43.190662
-70.428017 -361.867706 -280.933868 -343.579773 -126.848251
-79.377434 -62.645916 -10.894942 26.459145 82.101166
122.178993 154.085602 207.782104 206.225693 180.544754
128.404678 89.105064 12.062257 -244.747086 -293.385223
-303.112854 -155.642029 -268.871613 -142.023346 -52.529182
-50.58366 36.186771 87.159538 103.112846 151.750977
189.105057 190.272385 148.249039 79.766541 117.509727
3.501946 -105.836578 -170.428024 -315.17511 -229.182892
-138.132294 -93.385216 16.731518 82.879379 94.552528
93.774323 85.603111 98.832687 95.719849 93.774323
95.719849 65.758759 0.389105 -124.124519 -205.447479
-289.105072 -278.988342 -166.926071 -117.509727 -31.517511
42.801556 49.416344 89.494164 87.159538 103.891052
94.941635 42.023346 4.669261 0.389105 -105.058365
-237.743195 -255.642029 -236.186783 -162.256821 -115.953308
-45.136189 -5.836576 13.229572 30.7393 20.622568
70.817123 113.618683 87.937744 66.147865 -88.326851
-45.136189 -1.55642 -174.708176 -129.182877 -111.28405
-137.354095 -58.754864 16.342413 36.575878 50.194553
78.59922 115.564209 161.867706 146.692612 26.848249
-17.509727 -30.7393 -184.046692 -240.07782 -157.587555
-150.583664 -99.221794 -14.785993 11.673152 135.797668
101.945526 87.159538 97.276268 16.731518 38.5214
-14.396888 -32.295719 -48.249027 -95.330742 -147.081711
-96.887161 -116.342415 -77.431908 -38.132298 50.194553
155.25293 170.817123 170.817123 100 78.988327
72.373543 2.723736 -182.101166 -42.801556 -176.653702
-296.887177 -178.599228 -138.521408 -55.252918 84.435799
141.634247 164.202332 200 159.92218 6.225681
48.249027 -68.093384 -103.501945 -177.821014 -154.474716
-186.770432 -101.945526 11.284047 77.431908 49.80545
168.482498 140.466934 43.190662 8.560311 48.249027
-24.513618 -50.58366 -65.758759 -52.140079 -157.198441
-263.035034 -238.521408 -143.579773 -66.536964 -0.389105
100.389107 113.229576 28.404671 38.132298 -18.677044
24.124514 14.785993 40.466927 14.396888 -33.852142
-42.023346 -164.202332 -194.163422 -119.066154 -101.945526
-225.680939 -193.774323 -12.062257 18.677044 65.758759
60.70039 71.20623 98.054474 73.929962 51.750973
33.852142 56.420235 41.245136 -7.003891 -57.587551
-231.517517 -343.968872 -229.182892 -152.918289 -145.914398
-110.505836 0.77821 -56.031132 92.996109 136.186768
159.143967 210.11673 158.365768 129.96109 110.894943
76.653702 -16.342413 -259.92218 -242.023346 -331.906616
-328.015564 -257.976654 -183.268494 -63.035023 30.7393
72.373543 147.859924 145.914398 172.76265 179.377441
148.638138 131.906616 120.622574 99.221794 53.696499
-12.062257 -163.424133 -411.673157 -287.548645 -120.622574
-50.58366 -125.291832 -148.249039 -74.708176 4.280156
32.295719 57.976654 64.202339 65.369652 49.80545
74.319069 84.046692 8.171206 1.945525 -161.478607
-233.852142 -24.902725 -113.618683 -198.443588 -81.712067
-27.237354 5.447471 15.175097 60.311287 80.933853
71.20623 57.976654 31.906616 38.132298 45.136189
44.357979 21.011673 0.389105 -192.217911 -175.097275
-103.891052 -85.603111 -82.101166 -55.252918 -44.357979
31.906616 80.155647 61.867706 72.76265 91.050583
83.657593 42.023346 12.451363 -5.058366 -63.035023
-204.280167 -313.618683 -71.984436 -7.392996 -72.76265
-55.642025 -57.976654 47.470818 78.59922 79.377434
78.59922 110.894943 81.32296 50.58366 37.354088
36.964981 19.066149 -4.669261 -60.70039 -182.879379
-312.062256 -41.634243 -111.28405 -87.937744 -37.743191
-75.097275 -24.124514 -11.673152 26.848249 52.918289
97.276268 89.88327 93.385216 86.381325 78.59922
96.108955 66.536964 31.517511 -50.972763 -190.661484
-204.280167 -226.848251 -199.221802 -28.793776 -128.015564
-61.867706 9.338522 -22.178989 -47.859924 49.80545
50.194553 89.88327 143.579773 136.575882 78.988327
-66.536964 -78.210121 -77.431908 -162.64592 -125.680939
-153.307404 -146.303513 38.5214 52.140079 88.715958
14.785993 36.186771 49.80545 40.077824 75.875488
102.334633 50.58366 2.723736 -35.797665 -76.653702
-184.435806 -190.661484 -197.665375 -112.062263 17.898832
72.76265 43.968872 8.560311 -64.980545 -19.844358
57.198444 90.661484 86.381325 57.198444 24.902725
-17.898832 -107.003891 -80.933853 -112.840469 -154.474716
-65.369652 -50.972763 52.529182 61.867706 -16.731518
21.011673 29.96109 61.4786 -17.120623 -3.891051
-40.466927 -89.105064 -140.856033 -108.56031 -11.673152
-22.957199 37.354088 -93.385216 -7.003891 47.470818
53.696499 40.466927 4.280156 -0.389105 -79.766541
-10.505836 -5.836576 -131.517517 -149.027237 -50.972763
-57.587551 57.587551 -26.07004 24.902725 -7.782101
17.120623 5.447471 3.501946 14.785993 31.906616
-54.085606 -45.914398 -77.431908 -131.517517 -164.980545
-149.416351 -133.852142 -61.089497 116.731522 36.186771
-29.18288 21.400778 65.758759 81.32296 70.817123
43.968872 22.178989 3.501946 -19.066149 -19.066149
-135.408569 -310.894958 -118.287941 -156.420242 -108.171211
-81.32296 -46.303505 54.085606 31.906616 21.011673
63.813232 44.357979 55.642025 77.821014 49.80545
13.618677 39.688717 35.019455 -21.789885 -124.124519
-298.443573 -73.929962 -202.72374 -108.56031 -77.042801
-68.093384 22.568094 100.778214 111.28405 115.953308
100.389107 65.758759 41.634243 39.29961 51.750973
45.914398 40.077824 -25.29183 -70.03891 -256.809357
-374.319061 -333.463043 -233.852142 -179.377441 -121.40078
-51.750973 31.128405 136.186768 186.770432 151.750977
150.583664 179.377441 115.175102 93.774323 54.085606
26.07004 17.898832 111.28405 68.871597 -160.700394
-345.914398 -271.984436 -287.937744 -236.186783 -161.867706
-133.073929 -64.591438 -16.342413 21.789885 46.303505
99.221794 131.906616 114.007782 117.898834 80.933853
56.809341 65.369652 49.027237 19.066149 36.186771
-92.996109 -166.926071 -208.949417 -302.334625 -282.101166
-218.677048 -71.595329 -12.840467 -11.673152 70.03891
121.789886 136.186768 182.49028 179.766541 160.700394
143.190659 166.536972 171.206223 117.509727 16.731518
-84.046692 -279.766541 -153.307404 -321.011688 -327.626465
-260.700409 -201.556427 -94.163429 -114.396889 -66.536964
46.692608 101.945526 100 87.159538 130.739304
208.560318 210.11673 164.591446 109.727631 42.412453
17.898832 -135.408569 -284.435791 -246.303513 -193.774323
-307.393005 -229.96109 -172.76265 -43.968872 16.342413
71.595329 106.614792 153.307404 166.147858 156.809341
105.836578 70.428017 85.992218 76.264595 -7.003891
-77.431908 -381.322968 -331.128418 -156.420242 -237.354095
-152.918289 -82.490273 -31.906616 59.14397 96.498055
64.980545 55.252918 89.494164 147.859924 143.579773
89.494164 23.735409 -123.346306 -256.031128 -257.976654
-218.287949 -140.856033 -117.120628 -50.972763 -17.898832
6.225681 93.385216 70.03891 83.268486 111.28405
80.933853 64.980545 112.840469 -49.416344 -147.470825
-252.918289 -92.60701 -28.404671 -149.80545 -100.389107
20.622568 54.474709 63.813232 76.653702 130.739304
122.957199 96.108955 105.447472 63.035023 -33.852142
-125.291832 -253.307404 -193.774323 -152.52919 -191.828796
-68.871597 -10.505836 17.898832 55.252918 99.610901
62.256809 65.369652 68.093384 49.027237 95.330742
105.447472 43.968872 -50.972763 -199.610901 -304.280151
-178.988327 -196.108948 -148.638138 -57.587551 -59.92218
21.400778 118.287941 133.852142 102.334633 80.933853
79.377434 67.704285 41.245136 8.949416 57.976654
6.614786 -66.926071 -207.393005 -255.25293 -144.357986
-182.879379 -152.140076 0 -15.953308 -33.463036
43.968872 89.105064 115.953308 121.789886 173.540863
163.813232 52.529182 19.844358 32.295719 14.396888
-84.824905 -381.712067 -289.105072 -150.972763 -192.996109
-116.342415 -8.560311 84.435799 64.591438 115.953308
122.957199 95.330742 128.015564 87.937744 97.665375
37.354088 31.128405 63.035023 -30.7393 -227.626465
-325.29184 -146.692612 -84.046692 -157.198441 -81.712067
-61.4786 -13.229572 45.914398 55.642025 34.630352
47.859924 70.817123 49.416344 61.4786 30.7393
0.389105 -29.571985 -102.334633 -170.428024 -176.653702
-77.431908 -81.712067 -78.210121 -17.509727 -61.867706
-6.614786 -17.898832 6.225681 22.568094 24.513618
26.848249 48.249027 45.914398 8.949416 36.186771
-1.55642 0 33.463036 7.392996 -131.906616
-225.680939 -68.871597 -92.996109 -233.463043 -207.393005
-146.303513 -56.420235 -44.357979 14.396888 75.097275
91.828796 98.832687 86.770432 74.319069 72.373543
85.992218 85.992218 40.856033 -10.894942 10.116732
-105.836578 -161.478607 -58.365761 -89.105064 -321.011688
-238.132309 -166.147858 -93.774323 31.517511 63.813232
101.16732 113.229576 101.945526 77.431908 60.70039
55.642025 42.801556 22.957199 -1.55642 -45.525291
-70.817123 -103.501945 -119.066154 -208.560318 75.097275
-61.089497 -227.626465 -115.564209 -108.949417 -100.778214
-54.085606 -28.404671 19.844358 38.132298 50.194553
78.988327 100 97.276268 93.385216 40.856033
5.447471 -10.505836 -36.186771 -20.233463 -45.914398
-44.747082 -141.634247 -84.824905 -148.249039 -240.466934
-192.60701 -89.88327 -22.568094 -61.867706 -51.36187
20.233463 47.470818 90.661484 98.054474 141.634247
136.575882 126.848251 123.735413 79.377434 129.571991
178.988327 96.498055 -45.525291 -83.657593 -72.76265
-150.19455 -193.385223 -242.41246 -367.704285 -308.949432
-300.389099 -150.972763 -37.354088 19.844358 61.4786
144.747086 176.653702 146.692612 145.525299 173.540863
185.992218 115.953308 36.186771 -30.350195 -94.163429
-141.245132 -157.976654 -116.731522 -149.027237 -128.793777
-181.322968 -147.081711 -83.268486 -52.918289 -18.677044
72.373543 106.614792 83.268486 64.980545 75.097275
25.680935 -17.898832 -50.194553 -94.941635 -36.964981
-50.972763 -13.618677 15.175097 50.194553 -3.891051
-22.957199 -59.14397 -20.233463 -27.237354 -83.657593
-15.953308 80.544746 60.311287 -83.268486 -107.392998
-140.856033 -75.875488 -49.80545 -107.392998 -33.463036
15.564202 -17.898832 26.848249 98.832687 124.513618
80.544746 107.003891 125.680939 77.821014 10.116732
-84.824905 -163.813232 -112.062263 -142.41246 -81.32296
-163.035019 -128.015564 -96.108955 -48.249027 4.280156
0.77821 49.027237 126.848251 86.770432 62.645916
8.560311 -54.863815 -141.245132 -135.019455 -126.459145
-62.256809 -77.431908 -92.217903 -47.859924 22.568094
21.400778 87.937744 97.276268 94.163429 106.614792
108.56031 33.073933 -52.918289 -124.124519 -180.933853
-209.338531 -146.692612 -121.40078 -58.365761 -8.949416
0.77821 69.649811 81.32296 92.60701 79.377434
78.59922 71.984436 51.750973 12.840467 2.723736
-28.404671 -79.377434 -99.221794 -212.840469 -372.373566
-77.431908 -86.381325 -80.155647 -64.980545 13.618677
25.680935 54.085606 77.431908 75.486382 63.424126
42.412453 -3.501946 -35.019455 -17.898832 -10.505836
-6.225681 -9.727627 -39.29961 -74.708176 -121.40078
-221.789886 -193.385223 -120.622574 -210.505844 -108.949417
-114.396889 -49.80545 10.505836 22.568094 50.194553
35.797665 48.638134 45.136189 45.914398 52.529182
2.33463 -11.673152 30.7393 90.272377 57.976654
10.894942 45.914398 -133.852142 -69.260704 -115.564209
-155.642029 -146.303513 -187.937744 -133.073929 -45.525291
37.354088 70.428017 70.817123 86.381325 78.59922
46.303505 40.466927 66.536964 74.319069 49.027237
10.505836 -31.906616 -5.058366 -28.015566 -103.501945
-185.603119 -133.852142 -100 -135.408569 -45.914398
-63.035023 -44.357979 -25.29183 20.622568 53.696499
24.124514 -0.77821 10.116732 -10.505836 17.509727
49.416344 11.673152 13.229572 39.29961 48.638134
63.035023 1.167315 -43.968872 -149.027237 -154.085602
-138.910507 -106.225685 -105.836578 -47.859924 -72.76265
-35.408562 -50.972763 -49.80545 -48.249027 22.957199
22.568094 26.459145 6.614786 -1.55642 0.77821
-10.116732 -20.233463 -13.229572 -5.836576 14.007783
-33.852142 -24.124514 8.560311 -43.968872 -20.622568
-140.07782 -122.178993 -34.630352 26.848249 34.241245
-19.066149 -54.085606 -24.902725 -47.081715 -38.910507
-31.906616 21.400778 38.132298 31.517511 61.4786
47.859924 48.249027 29.18288 -13.618677 -48.638134
-53.696499 -29.571985 -26.07004 -58.754864 -73.929962
-121.40078 -124.513618 -123.346306 -136.575882 -201.556427
-93.774323 -18.677044 127.237358 122.957199 56.809341
69.260704 39.688717 87.548637 39.29961 34.241245
22.957199 16.342413 -13.229572 -14.396888 -6.225681
-17.120623 -17.509727 -28.404671 -35.408562 -52.140079
-43.579769 -48.638134 -80.155647 -126.070045 -210.505844
-170.428024 -196.498062 -119.84436 38.910507 79.377434
82.490273 97.665375 120.233467 88.715958 89.88327
97.665375 49.416344 38.132298 -14.007783 -63.035023
-69.649811 -40.466927 -53.696499 -94.552528 -101.16732
-109.727631 -100.389107 -109.727631 -163.424133 -134.630356
-113.618683 -98.054474 -140.856033 -57.587551 42.023346
177.431915 78.210121 132.68483 139.299622 109.727631
106.614792 70.817123 51.750973 21.400778 -9.727627
-33.463036 -40.466927 -91.43969 -105.836578 -115.564209
-127.237358 -126.070045 -171.984436 -206.614792 -199.221802
-69.260704 46.692608 81.712067 54.085606 54.085606
95.719849 65.369652 57.198444 35.408562 19.455254
28.404671 26.07004 24.124514 27.237354 -12.451363
-30.350195 -52.918289 -72.76265 -139.299622 -173.151749
-136.186768 -75.875488 -95.719849 -90.661484 7.782101
68.871597 96.498055 127.626465 36.575878 -31.517511
-31.128405 -5.058366 -21.789885 -45.136189 -13.229572
-14.396888 -59.533077 -91.43969 -94.163429 -114.396889
-115.175102 -101.945526 -78.210121 -70.428017 -92.217903
0 18.677044 44.747082 129.571991 147.859924
129.96109 93.385216 42.801556 27.626459 -17.898832
-35.408562 -57.976654 -116.731522 -128.015564 -126.848251
-96.887161 -52.140079 -13.229572 -19.066149 3.501946
28.404671 19.844358 31.128405 6.614786 -20.233463
-29.18288 -56.031132 -106.614792 -130.739304 -125.291832
-84.824905 -110.894943 -81.712067 4.280156 -70.428017
-85.992218 -22.957199 70.03891 70.817123 82.879379
118.287941 69.649811 78.210121 57.587551 35.019455
13.618677 10.894942 20.233463 14.007783 24.513618
20.622568 -53.696499 -52.918289 -25.680935 -84.046692
-200.778214 -206.225693 -175.097275 -173.540863 -140.466934
-89.105064 -31.517511 -9.338522 21.789885 8.949416
33.073933 59.14397 65.369652 80.544746 106.614792
72.76265 31.128405 10.116732 -12.451363 -52.918289
-12.840467 20.622568 4.669261 -41.245136 -182.879379
-209.338531 -137.354095 -102.72374 -106.225685 -81.32296
-21.789885 51.750973 50.972763 34.241245 68.482491
53.696499 20.233463 -7.782101 -49.416344 -6.225681
49.027237 20.622568 40.856033 52.140079 49.80545
22.178989 -26.848249 -111.28405 -128.793777 -151.750977
-105.836578 -191.828796 -161.867706 -133.073929 -135.019455
-146.692612 -75.097275 31.906616 77.431908 41.245136
130.739304 70.428017 82.101166 33.852142 18.677044
11.673152 7.003891 -7.003891 -21.789885 -11.673152
-22.568094 -22.568094 0 0 33.852142
33.463036 3.112841 -113.618683 -135.019455 -160.311295
-115.953308 -188.715958 -191.050583 -149.416351 -104.669266
-81.32296 -22.178989 14.785993 29.571985 27.626459
17.898832 7.782101 3.501946 4.280156 8.949416
67.315178 85.603111 39.29961 22.957199 75.875488
53.307396 -44.747082 -26.07004 -103.112846 -50.972763
-55.252918 -161.478607 -138.910507 -161.089493 -118.677048
-98.054474 -48.638134 -0.77821 17.898832 50.58366
43.579769 42.412453 51.750973 39.688717 30.350195
13.618677 -1.167315 9.338522 1.167315 -17.898832
4.669261 68.093384 14.785993 37.354088 14.007783
-203.501953 -196.498062 -139.299622 -84.824905 -131.906616
-111.28405 -61.867706 -66.536964 -70.428017 -47.859924
-54.474709 -32.295719 14.785993 28.793776 34.630352
27.237354 49.027237 65.369652 101.16732 77.042801
42.801556 22.178989 12.062257 -5.058366 49.416344
104.669266 -24.902725 -86.770432 -119.84436 -139.688721
-152.918289 -157.976654 -140.856033 -122.957199 -59.92218
-8.949416 11.673152 22.568094 17.120623 55.252918
30.350195 39.29961 97.276268 126.848251 161.867706
132.295731 105.058365 53.307396 42.801556 -12.840467
-112.840469 -166.926071 -95.719849 -173.151749 -210.505844
-201.556427 -167.315186 -54.863815 -57.198444 -16.731518
49.027237 50.194553 47.470818 40.466927 42.801556
29.571985 14.785993 12.062257 5.836576 14.007783
45.914398 33.073933 -3.112841 28.793776 13.618677
-32.684826 -50.972763 -77.042801 -94.552528 -145.525299
-166.536972 -146.692612 -145.136185 -117.509727 -54.085606
-3.112841 24.124514 36.575878 -0.77821 2.723736
6.225681 12.062257 35.019455 37.354088 26.848249
63.813232 58.365761 30.350195 -49.027237 -12.451363
-73.540855 -101.556419 -110.505836 -29.96109 -14.007783
-49.80545 -23.346304 -28.404671 -57.976654 -22.178989
-15.175097 -12.451363 14.785993 43.190662 31.128405
-12.451363 -37.743191 -50.194553 -31.906616 -28.404671
-68.482491 -101.556419 -89.88327 -127.626465 -234.241257
-146.303513 26.459145 65.369652 101.16732 66.926071
87.159538 60.311287 47.081715 24.902725 -2.33463
20.233463 21.789885 0 -22.568094 -38.132298
-33.463036 -35.019455 -42.412453 -38.910507 -36.186771
-7.003891 -1.55642 -82.101166 -157.587555 -114.396889
-88.715958 -83.268486 3.501946 2.33463 32.295719
8.171206 -6.614786 7.782101 15.564202 11.673152
-13.618677 -6.614786 26.848249 14.785993 1.945525
0 -14.785993 -20.233463 12.062257 13.618677
-44.357979 31.906616 -55.642025 -87.937744 -126.848251
-201.945526 -194.163422 -164.202332 -129.96109 -95.330742
-53.696499 -37.354088 35.019455 60.311287 82.490273
75.486382 89.494164 88.326851 84.046692 98.054474
73.929962 65.369652 68.871597 26.07004 25.680935
-42.801556 -129.182877 -104.669266 -101.556419 -163.813232
-207.003891 -175.097275 -170.817123 -98.832687 -41.245136
-18.677044 -2.33463 2.33463 71.20623 102.72374
98.054474 108.949417 58.754864 29.18288 -4.669261
-7.392996 18.287939 -14.007783 -74.708176 -106.614792
-116.731522 -25.680935 -33.463036 -70.03891 -101.16732
-121.789886 -79.766541 -49.027237 -19.455254 6.225681
38.910507 45.525291 -1.167315 -40.856033 -14.396888
42.801556 31.128405 23.735409 7.392996 -4.280156
-5.836576 20.233463 33.073933 -31.906616 -45.136189
-68.871597 -98.832687 -87.937744 -108.171211 -108.949417
-62.256809 -35.408562 -38.132298 -13.229572 -20.233463
-26.07004 -13.229572 -21.789885 15.564202 43.968872
32.295719 18.287939 -19.455254 -66.147865 -88.326851
-49.80545 -14.396888 -9.338522 -36.575878 40.466927
18.287939 -9.338522 -8.949416 7.782101 4.280156
22.568094 7.003891 -35.019455 -66.536964 -49.80545
-20.622568 -19.455254 -3.112841 20.233463 -5.836576
-13.618677 -23.735409 -18.287939 -8.560311 -3.891051
-34.241245 -80.544746 -73.540855 -66.926071 -71.595329
-96.108955 -117.509727 -111.28405 -52.918289 -5.058366
-1.55642 49.027237 12.062257 31.517511 54.085606
73.929962 70.03891 96.108955 96.108955 57.198444
1.167315 11.673152 15.953308 8.171206 -3.112841
-7.392996 -3.501946 -2.33463 34.241245 14.007783
-77.431908 -187.159531 -188.715958 -214.396896 -184.046692
-176.653702 -108.949417 -7.003891 34.241245 31.128405
53.307396 58.365761 51.750973 19.844358 8.560311
-2.723736 -35.408562 -38.910507 -32.684826 -12.062257
-9.727627 -24.124514 -35.019455 14.007783 7.003891
0.77821 1.167315 -1.55642 6.225681 -104.669266
-127.237358 -105.836578 -164.202332 -92.60701 -49.80545
-52.140079 16.342413 38.910507 64.202339 64.202339
53.696499 54.085606 19.066149 1.945525 -10.116732
-28.404671 -0.77821 3.891051 0.77821 -8.949416
16.731518 25.680935 18.287939 32.295719 14.785993
-7.782101 7.003891 -20.233463 -124.902725 -163.424133
-147.470825 -155.642029 -122.957199 -62.256809 -75.875488
-86.381325 -74.708176 -46.303505 -26.07004 -5.836576
4.280156 13.618677 28.404671 32.684826 32.295719
29.571985 25.680935 40.466927 32.684826 13.618677
-7.003891 15.564202 27.237354 44.357979 51.750973
52.918289 -1.167315 -15.953308 -33.852142 -154.863815
-193.774323 -166.147858 -152.140076 -144.747086 -140.856033
-76.264595 -85.603111 -60.70039 11.673152 28.793776
22.957199 18.287939 12.840467 7.392996 4.669261
14.396888 18.677044 7.392996 11.284047 12.062257
21.400778 62.645916 73.929962 51.750973 39.29961
-3.501946 -24.902725 -14.007783 -36.186771 -31.517511
-114.007782 -141.245132 -135.797668 -72.373543 -107.782104
-162.64592 -147.470825 -102.334633 -62.645916 1.945525
24.124514 50.194553 57.976654 71.984436 37.743191
39.29961 50.972763 73.151756 43.968872 26.459145
19.844358 28.404671 21.789885 -5.058366 -19.066149
-45.525291 -93.385216 -117.898834 -149.027237 -173.540863
-92.217903 -69.649811 -12.062257 15.175097 -3.891051
-18.287939 -53.696499 -47.081715 -26.459145 8.949416
20.622568 28.404671 41.245136 43.190662 29.18288
24.513618 9.338522 4.280156 -4.280156 -13.229572
-17.898832 -20.233463 -24.902725 -24.902725 -32.684826
-35.797665 -28.015566 -26.848249 -20.233463 -31.517511
-37.743191 -74.319069 -68.482491 -60.311287 -14.007783
-50.58366 -49.027237 -116.731522 -122.5681 -96.108955
-81.712067 -31.906616 -21.400778 -2.33463 18.677044
26.07004 28.015566 22.178989 29.571985 35.408562
32.684826 27.626459 7.392996 7.782101 0
22.568094 64.980545 73.151756 60.70039 2.33463
-46.692608 -75.097275 -159.92218 -217.509735 -174.319077
-153.696503 -155.642029 -140.07782 -91.050583 -57.976654
-24.513618 -24.124514 21.400778 56.420235 49.80545
37.743191 50.194553 40.466927 34.630352 36.964981
8.560311 -17.898832 -10.116732 -4.669261 29.96109
35.019455 27.237354 25.680935 -3.112841 1.167315
-5.836576 -80.933853 -107.392998 -109.727631 -127.237358
-89.105064 -82.490273 -89.105064 -37.354088 -8.171206
3.112841 5.836576 15.953308 15.564202 14.007783
-9.338522 -12.062257 2.723736 4.669261 5.447471
-2.33463 -35.408562 -21.011673 -42.023346 4.280156
63.035023 49.416344 43.968872 -19.066149 -94.552528
-101.945526 -150.583664 -103.112846 -84.435799 -66.147865
-29.571985 -30.7393 -16.731518 -19.844358 -21.789885
1.945525 9.338522 33.073933 32.295719 24.513618
15.953308 23.346304 7.782101 -27.237354 23.346304
21.789885 2.723736 -23.346304 -28.793776 -60.311287
-70.428017 -32.684826 -41.634243 -38.910507 -61.4786
-68.482491 -69.260704 -78.210121 -84.046692 -118.677048
-81.32296 -42.412453 -43.579769 -12.451363 -46.692608
-31.128405 -17.509727 2.33463 31.906616 103.501945
118.677048 101.556419 63.035023 53.307396 41.634243
22.178989 5.058366 -2.33463 -34.630352 -61.089497
-62.645916 -56.031132 -46.692608 -52.140079 -58.365761
-69.649811 -73.540855 -78.210121 -106.225685 -102.72374
-94.552528 -66.926071 -64.591438 -43.968872 -45.914398
-69.260704 -3.112841 29.96109 64.980545 85.603111
78.210121 78.988327 60.311287 35.408562 25.680935
38.910507 28.404671 -3.112841 -38.5214 -31.906616
-33.852142 -36.964981 -38.132298 -17.120623 -11.284047
-13.618677 -32.684826 -23.735409 -8.171206 -10.116732
-64.591438 -128.404678 -105.836578 -91.050583 -111.28405
-124.902725 -71.20623 -14.785993 -14.007783 23.346304
29.18288 1.945525 15.175097 28.404671 29.571985
0 -34.241245 -37.354088 -29.571985 -32.295719
-43.968872 -33.463036 -21.400778 -33.852142 -14.785993
25.680935 45.525291 44.747082 32.684826 29.18288
-0.77821 -10.505836 -15.175097 -33.073933 -21.789885
-22.178989 -78.59922 -100.389107 -93.385216 -96.498055
-128.015564 -52.140079 -6.225681 8.949416 29.96109
38.132298 32.295719 7.003891 -5.836576 -13.618677
-25.680935 -43.968872 -55.252918 -75.486382 -68.482491
-45.525291 1.167315 22.178989 2.723736 8.560311
47.081715 17.898832 -53.307396 -40.466927 8.171206
13.618677 16.342413 -38.910507 -63.424126 -82.101166
-128.404678 -126.070045 -94.941635 -48.249027 -30.7393
-20.233463 10.116732 26.459145 12.451363 5.447471
-3.501946 -6.225681 -14.396888 -19.455254 -32.684826
-25.29183 -14.007783 -5.836576 -1.945525 6.614786
19.844358 42.801556 74.708176 38.132298 -61.089497
-73.540855 -49.80545 15.175097 2.33463 -48.249027
-97.276268 -80.933853 -88.715958 -87.548637 -54.474709
-6.614786 2.723736 -1.55642 16.342413 22.957199
22.568094 -0.389105 -8.171206 -24.902725 -24.124514
-31.517511 -29.96109 -26.07004 -25.680935 -23.346304
-20.233463 -18.677044 -16.342413 -29.18288 -52.529182
-54.863815 -71.595329 -63.424126 -26.459145 -30.350195
-0.77821 55.642025 80.544746 29.571985 -20.622568
-15.564202 -49.416344 -63.035023 -111.28405 -88.326851
-41.245136 -17.898832 -5.836576 11.673152 14.007783
22.568094 12.451363 6.225681 2.33463 -2.723736
-8.171206 -9.338522 -14.396888 -13.229572 -12.840467
-12.840467 -10.894942 -8.171206 -14.785993 -15.953308
-18.677044 -17.898832 -15.953308 -9.338522 -7.782101
-1.167315 0.77821 1.945525 8.949416 5.058366
1.945525 12.451363 45.136189 89.105064 80.933853
35.019455 -38.132298 -56.031132 -43.579769 -52.918289
-64.980545 -49.027237 -21.789885 22.568094 28.015566
14.785993 -10.894942 5.447471 -16.731518 -47.859924
-58.365761 -65.369652 -46.303505 -7.392996 12.062257
12.840467 4.669261 -13.618677 -31.517511 -25.29183
-22.568094 -13.229572 -14.785993 -15.175097 -11.284047
-3.112841 10.505836 14.007783 5.058366 -12.062257
-15.564202 4.280156 19.844358 40.856033 66.147865
80.933853 11.284047 -24.124514 -37.354088 -18.287939
-8.560311 -38.132298 -50.194553 -29.96109 -23.735409
-3.891051 1.945525 -3.891051 3.112841 -36.575878
-92.217903 -100.389107 -103.112846 -100.389107 -78.210121
-47.859924 -38.910507 -47.081715 -44.357979 -41.634243
-42.023346 -49.027237 -56.031132 -61.4786 -52.140079
-44.747082 -42.023346 -39.29961 -36.575878 -33.463036
-26.459145 -23.735409 -26.459145 -18.677044 -12.451363
-11.673152 -14.785993 -26.848249 -40.466927 -24.124514
3.501946 47.470818 84.824905 82.879379 21.400778
-40.077824 -62.256809 -46.303505 -70.817123 -73.540855
-56.420235 -25.680935 -2.723736 6.614786 7.782101
-6.614786 -66.926071 -59.92218 -74.708176 -82.101166
-75.875488 -50.194553 -59.14397 -19.066149 -2.33463
-7.003891 -21.400778 -33.463036 -41.634243 -44.357979
-51.36187 -35.408562 -36.186771 -26.459145 -22.178989
-11.284047 -7.782101 -19.844358 -30.350195 -23.735409
-14.396888 -11.284047 -17.898832 -22.178989 -23.346304
-29.18288 -22.957199 -43.968872 -41.245136 -35.797665
-33.852142 -56.031132 -52.918289 -63.813232 -36.186771
-9.727627 -9.338522 -31.906616 -38.910507 -58.754864
-84.435799 -78.210121 -62.256809 -60.70039 -54.863815
-52.529182 -31.906616 -16.342413 -17.120623 -35.797665
-36.186771 -19.844358 -7.782101 -13.229572 -15.953308
-17.509727 -17.898832 -12.451363 -16.731518 -21.789885
-28.793776 -31.128405 -36.964981 -36.964981 -17.509727
